saddr,success,ttl
2.20.166.3,1,56
2.20.161.249,1,56
2.20.167.225,1,56
2.20.167.190,1,56
2.20.162.170,1,56
2.20.160.44,1,56
2.20.164.188,1,56
2.20.167.112,1,56
2.20.162.217,1,56
2.20.162.106,1,56
2.20.165.106,1,56
2.20.167.142,1,56
2.22.55.34,1,56
2.20.164.59,1,56
2.20.166.115,1,56
2.20.162.70,1,56
2.22.55.45,1,56
2.20.165.31,1,56
2.22.55.20,1,56
2.20.164.57,1,56
2.20.167.76,1,56
2.20.160.70,1,56
2.20.167.79,1,56
2.20.163.250,1,56
2.20.162.219,1,56
2.20.163.39,1,56
2.20.163.45,1,56
2.20.160.204,1,56
2.22.55.64,1,56
2.20.160.92,1,56
2.20.160.101,1,56
2.22.225.99,1,56
2.20.165.197,1,56
2.20.161.177,1,56
2.20.165.248,1,56
2.20.167.5,1,56
2.23.13.16,1,56
2.20.162.84,1,56
2.20.167.69,1,56
2.20.162.83,1,56
2.20.166.207,1,56
2.20.167.113,1,56
2.20.161.142,1,56
2.20.160.209,1,56
2.20.163.211,1,56
2.20.167.224,1,56
2.20.163.249,1,56
2.20.165.253,1,56
2.20.161.73,1,56
2.20.160.110,1,56
2.20.161.65,1,56
2.23.13.38,1,56
2.20.162.114,1,56
2.20.160.68,1,56
2.20.166.116,1,56
2.20.160.42,1,56
2.20.162.109,1,56
2.20.160.39,1,56
2.20.163.101,1,56
2.20.167.56,1,56
2.20.161.168,1,56
2.20.160.75,1,56
2.20.165.92,1,56
2.20.162.5,1,56
2.20.167.232,1,56
2.20.162.155,1,56
2.20.166.28,1,56
2.20.161.197,1,56
2.20.165.53,1,56
2.23.13.75,1,56
2.20.163.204,1,56
2.22.55.97,1,56
2.20.166.63,1,56
2.20.166.183,1,56
2.20.167.103,1,56
2.20.166.221,1,56
2.20.165.65,1,56
2.20.167.161,1,56
2.23.13.35,1,56
2.20.160.82,1,56
2.20.163.186,1,56
2.20.164.142,1,56
2.20.161.101,1,56
2.20.164.24,1,56
2.22.225.48,1,56
2.20.162.172,1,56
2.20.167.7,1,56
2.20.167.248,1,56
2.20.163.55,1,56
2.20.167.39,1,56
2.20.164.202,1,56
2.20.162.156,1,56
2.22.55.84,1,56
2.20.161.114,1,56
2.20.160.249,1,56
2.20.164.23,1,56
2.20.161.97,1,56
2.20.161.99,1,56
2.20.161.218,1,56
2.20.163.35,1,56
2.22.55.12,1,56
2.20.163.196,1,56
2.20.165.192,1,56
2.20.163.145,1,56
2.20.166.189,1,56
2.20.161.185,1,56
2.20.162.41,1,56
2.20.163.165,1,56
2.20.165.3,1,56
2.20.165.195,1,56
2.20.163.158,1,56
2.20.162.30,1,56
2.22.55.57,1,56
2.20.162.240,1,56
2.20.164.154,1,56
2.20.167.148,1,56
2.20.164.244,1,56
2.20.162.161,1,56
2.20.161.219,1,56
2.20.165.185,1,56
2.20.161.214,1,56
2.20.163.140,1,56
2.20.164.66,1,56
2.20.166.127,1,56
2.20.165.84,1,56
2.20.166.141,1,56
2.20.166.37,1,56
2.23.13.81,1,56
2.20.163.254,1,56
2.20.167.179,1,56
2.22.225.37,1,56
2.20.163.114,1,56
2.20.162.235,1,56
2.20.166.70,1,56
2.20.166.219,1,56
2.20.164.103,1,56
2.20.161.175,1,56
2.20.164.170,1,56
2.22.55.96,1,56
2.20.161.176,1,56
2.20.160.10,1,56
2.20.165.246,1,56
2.20.160.123,1,56
2.22.225.77,1,56
2.20.163.164,1,56
2.20.160.28,1,56
2.20.166.184,1,56
2.20.163.233,1,56
2.22.225.5,1,56
2.20.160.6,1,56
2.20.163.8,1,56
2.20.161.238,1,56
2.20.161.44,1,56
2.20.162.246,1,56
2.20.163.27,1,56
2.20.164.222,1,56
2.20.162.19,1,56
2.20.167.29,1,56
2.20.161.23,1,56
2.22.225.22,1,56
2.20.161.21,1,56
2.20.160.91,1,56
2.20.160.147,1,56
2.20.162.168,1,56
2.20.164.70,1,56
2.20.165.20,1,56
2.20.164.135,1,56
2.20.162.68,1,56
2.20.164.189,1,56
2.20.162.100,1,56
2.20.166.88,1,56
2.20.166.19,1,56
2.20.163.52,1,56
2.20.162.18,1,56
2.23.13.36,1,56
2.20.165.120,1,56
2.22.225.102,1,56
2.22.225.39,1,56
2.20.163.229,1,56
2.20.165.90,1,56
2.20.164.181,1,56
2.20.166.118,1,56
2.20.167.45,1,56
2.20.167.210,1,56
2.20.163.12,1,56
2.20.166.89,1,56
2.22.225.9,1,56
2.20.160.105,1,56
2.20.166.99,1,56
2.20.162.150,1,56
2.20.161.138,1,56
2.20.163.123,1,56
2.20.166.86,1,56
2.20.163.156,1,56
2.20.167.2,1,56
2.20.167.171,1,56
2.23.13.45,1,56
2.22.55.82,1,56
2.20.167.175,1,56
2.20.161.216,1,56
2.22.225.56,1,56
2.20.164.232,1,56
2.20.166.82,1,56
2.20.166.155,1,56
2.20.161.229,1,56
2.20.161.127,1,56
2.20.166.175,1,56
2.20.166.158,1,56
2.20.163.37,1,56
2.22.225.130,1,56
2.20.164.97,1,56
2.20.162.193,1,56
2.22.225.76,1,56
2.20.167.102,1,56
2.20.162.138,1,56
2.20.163.235,1,56
2.20.166.46,1,56
2.20.163.96,1,56
2.20.167.27,1,56
2.20.160.96,1,56
2.20.166.34,1,56
2.20.165.189,1,56
2.22.55.44,1,56
2.23.13.83,1,56
2.20.162.85,1,56
2.20.164.73,1,56
2.20.165.83,1,56
2.22.55.14,1,56
2.20.161.237,1,56
2.20.167.169,1,56
2.20.160.152,1,56
2.22.225.94,1,56
2.20.161.3,1,56
2.20.163.144,1,56
2.20.160.76,1,56
2.20.160.59,1,56
2.20.167.223,1,56
2.20.160.113,1,56
2.20.161.226,1,56
2.20.164.196,1,56
2.20.167.208,1,56
2.23.13.19,1,56
2.20.161.62,1,56
2.20.161.183,1,56
2.20.163.67,1,56
2.20.163.193,1,56
2.20.161.58,1,56
2.20.162.130,1,56
2.20.167.226,1,56
2.20.163.125,1,56
2.20.165.24,1,56
2.20.166.142,1,56
2.20.166.213,1,56
2.20.163.6,1,56
2.23.13.76,1,56
2.20.161.215,1,56
2.20.164.21,1,56
2.22.225.95,1,56
2.20.164.211,1,56
2.20.167.72,1,56
2.20.166.252,1,56
2.20.164.47,1,56
2.20.162.62,1,56
2.20.162.24,1,56
2.20.163.62,1,56
2.20.162.248,1,56
2.20.161.118,1,56
2.20.166.153,1,56
2.20.162.211,1,56
2.20.160.120,1,56
2.20.162.115,1,56
2.20.161.240,1,56
2.20.166.35,1,56
2.23.13.28,1,56
2.23.13.27,1,56
2.20.163.207,1,56
2.20.162.104,1,56
2.23.13.73,1,56
2.20.162.21,1,56
2.23.13.96,1,56
2.20.167.133,1,56
2.20.165.164,1,56
2.20.162.228,1,56
2.20.161.133,1,56
2.22.225.84,1,56
2.22.55.10,1,56
2.20.160.135,1,56
2.20.165.223,1,56
2.20.162.201,1,56
2.22.55.94,1,56
2.20.163.242,1,56
2.20.166.139,1,56
2.20.160.234,1,56
2.22.225.56,1,56
2.20.164.187,1,56
2.20.165.154,1,56
2.20.162.216,1,56
2.20.165.85,1,56
2.20.165.80,1,56
2.20.162.63,1,56
2.20.163.243,1,56
2.20.160.89,1,56
2.22.225.114,1,56
2.20.160.170,1,56
2.20.162.176,1,56
2.20.164.213,1,56
2.20.166.84,1,56
2.22.225.121,1,56
2.20.165.179,1,56
2.23.13.64,1,56
2.22.55.119,1,56
2.20.164.141,1,56
2.22.55.115,1,56
2.20.165.212,1,56
2.20.164.192,1,56
2.20.160.141,1,56
2.23.13.63,1,56
2.22.225.69,1,56
2.20.167.245,1,56
2.20.163.10,1,56
2.20.162.135,1,56
2.20.165.183,1,56
2.20.166.79,1,56
2.23.13.55,1,56
2.20.161.126,1,56
2.20.160.203,1,56
2.20.166.246,1,56
2.20.161.153,1,56
2.20.167.14,1,56
2.23.13.127,1,56
2.20.163.99,1,56
2.20.162.72,1,56
2.20.166.108,1,56
2.20.164.17,1,56
2.20.162.140,1,56
2.22.225.24,1,56
2.20.166.91,1,56
2.20.167.167,1,56
2.20.160.185,1,56
2.20.160.2,1,56
2.20.167.88,1,56
2.20.162.131,1,56
2.20.163.221,1,56
2.20.160.221,1,56
2.20.164.169,1,56
2.20.165.222,1,56
2.20.160.151,1,56
2.20.167.73,1,56
2.23.13.107,1,56
2.20.163.81,1,56
2.20.161.163,1,56
2.20.166.78,1,56
2.20.160.79,1,56
2.20.166.64,1,56
2.20.164.167,1,56
2.20.160.137,1,56
2.23.13.131,1,56
2.20.163.29,1,56
2.22.55.49,1,56
2.20.161.174,1,56
2.20.165.216,1,56
2.22.55.40,1,56
2.20.166.203,1,56
2.20.167.28,1,56
2.20.165.57,1,56
2.20.162.203,1,56
2.22.225.29,1,56
2.20.165.200,1,56
2.20.162.184,1,56
2.23.13.42,1,56
2.20.167.16,1,56
2.20.160.48,1,56
2.20.160.162,1,56
2.20.165.89,1,56
2.20.160.158,1,56
2.20.161.50,1,56
2.20.166.111,1,56
2.20.162.229,1,56
2.20.164.224,1,56
2.20.167.12,1,56
2.20.163.181,1,56
2.22.55.58,1,56
2.20.160.202,1,56
2.20.164.83,1,56
2.20.161.243,1,56
2.20.162.86,1,56
2.20.164.42,1,56
2.20.164.34,1,56
2.20.167.25,1,56
2.20.167.243,1,56
2.20.162.147,1,56
2.20.164.229,1,56
2.20.162.199,1,56
2.20.165.225,1,56
2.20.166.110,1,56
2.20.165.172,1,56
2.20.164.219,1,56
2.22.55.47,1,56
2.20.163.72,1,56
2.20.160.85,1,56
2.20.166.146,1,56
2.20.163.78,1,56
2.23.13.24,1,56
2.20.165.162,1,56
2.20.164.44,1,56
2.20.164.140,1,56
2.23.13.7,1,56
2.20.163.219,1,56
2.20.162.7,1,56
2.20.164.11,1,56
2.20.166.26,1,56
2.20.165.55,1,56
2.20.165.60,1,56
2.20.167.117,1,56
2.20.167.153,1,56
2.20.167.75,1,56
2.20.163.168,1,56
2.20.162.195,1,56
2.20.160.165,1,56
2.20.167.137,1,56
2.20.163.115,1,56
2.20.163.139,1,56
2.20.166.71,1,56
2.20.166.32,1,56
2.20.167.35,1,56
2.20.165.50,1,56
2.20.167.61,1,56
2.20.163.173,1,56
2.20.164.26,1,56
2.23.13.60,1,56
2.20.163.32,1,56
2.20.164.61,1,56
2.22.225.85,1,56
2.20.160.12,1,56
2.20.165.215,1,56
2.22.225.53,1,56
2.20.162.46,1,56
2.20.162.166,1,56
2.20.166.229,1,56
2.20.162.26,1,56
2.20.164.46,1,56
2.20.161.160,1,56
2.20.160.128,1,56
2.23.13.74,1,56
2.20.160.247,1,56
2.20.165.81,1,56
2.20.166.17,1,56
2.20.166.55,1,56
2.20.164.39,1,56
2.20.167.211,1,56
2.20.162.32,1,56
2.20.162.47,1,56
2.20.160.126,1,56
2.22.225.123,1,56
2.20.165.4,1,56
2.20.167.162,1,56
2.20.160.183,1,56
2.20.167.200,1,56
2.23.13.41,1,56
2.20.160.248,1,56
2.20.167.68,1,56
2.20.164.201,1,56
2.22.225.15,1,56
2.23.13.104,1,56
2.20.166.105,1,56
2.20.163.154,1,56
2.20.165.64,1,56
2.22.225.107,1,56
2.20.164.37,1,56
2.20.160.211,1,56
2.20.167.57,1,56
2.20.166.25,1,56
2.20.165.45,1,56
2.20.163.21,1,56
2.20.165.170,1,56
2.20.165.220,1,56
2.23.13.88,1,56
2.20.166.92,1,56
2.20.165.132,1,56
2.23.13.30,1,56
2.20.166.75,1,56
2.20.166.193,1,56
2.20.165.67,1,56
2.20.163.183,1,56
2.20.164.184,1,56
2.20.167.253,1,56
2.22.225.6,1,56
2.20.163.128,1,56
2.20.161.86,1,56
2.20.163.95,1,56
2.20.160.13,1,56
2.20.165.140,1,56
2.20.162.89,1,56
2.20.160.57,1,56
2.20.165.237,1,56
2.20.165.62,1,56
2.20.161.39,1,56
2.20.162.43,1,56
2.20.160.134,1,56
2.20.167.203,1,56
2.20.161.24,1,56
2.20.167.64,1,56
2.20.164.92,1,56
2.20.166.212,1,56
2.20.164.137,1,56
2.22.225.88,1,56
2.20.166.247,1,56
2.20.163.178,1,56
2.20.161.120,1,56
2.20.160.90,1,56
2.20.165.131,1,56
2.20.163.112,1,56
2.20.162.102,1,56
2.20.167.215,1,56
2.20.160.193,1,56
2.22.225.119,1,56
2.20.161.49,1,56
2.20.163.216,1,56
2.20.161.22,1,56
2.20.162.117,1,56
2.20.165.5,1,56
2.20.166.135,1,56
2.20.163.111,1,56
2.20.166.254,1,56
2.20.160.206,1,56
2.20.164.172,1,56
2.23.13.49,1,56
2.20.166.251,1,56
2.20.167.120,1,56
2.22.55.43,1,56
2.22.55.95,1,56
2.22.55.6,1,56
2.20.162.237,1,56
2.20.164.49,1,56
2.20.165.144,1,56
2.20.165.167,1,56
2.20.163.175,1,56
2.20.161.144,1,56
2.20.163.225,1,56
2.20.164.246,1,56
2.20.164.43,1,56
2.23.13.120,1,56
2.20.164.231,1,56
2.20.165.147,1,56
2.20.167.229,1,56
2.20.161.78,1,56
2.20.164.209,1,56
2.20.163.174,1,56
2.20.165.15,1,56
2.20.163.124,1,56
2.20.160.20,1,56
2.20.161.213,1,56
2.20.163.4,1,56
2.20.166.199,1,56
2.20.163.134,1,56
2.20.160.86,1,56
2.20.163.97,1,56
2.20.160.21,1,56
2.20.160.150,1,56
2.20.163.177,1,56
2.20.163.203,1,56
2.20.161.6,1,56
2.20.163.197,1,56
2.20.164.6,1,56
2.20.167.33,1,56
2.20.164.54,1,56
2.20.165.21,1,56
2.20.160.227,1,56
2.20.166.222,1,56
2.20.161.76,1,56
2.20.160.119,1,56
2.20.164.250,1,56
2.20.167.214,1,56
2.20.164.116,1,56
2.20.164.180,1,56
2.22.55.100,1,56
2.20.166.13,1,56
2.20.164.88,1,56
2.20.164.125,1,56
2.20.160.142,1,56
2.20.166.125,1,56
2.20.165.241,1,56
2.20.163.30,1,56
2.22.225.4,1,56
2.20.167.159,1,56
2.20.160.241,1,56
2.20.166.124,1,56
2.20.161.15,1,56
2.20.165.236,1,56
2.20.163.228,1,56
2.20.160.112,1,56
2.20.160.97,1,56
2.22.225.96,1,56
2.20.165.44,1,56
2.20.163.11,1,56
2.20.165.201,1,56
2.20.165.250,1,56
2.20.160.212,1,56
2.20.164.171,1,56
2.20.167.204,1,56
2.20.167.74,1,56
2.20.165.18,1,56
2.20.160.32,1,56
2.20.162.22,1,56
2.20.165.138,1,56
2.20.164.127,1,56
2.20.165.177,1,56
2.20.165.116,1,56
2.20.167.160,1,56
2.20.164.128,1,56
2.20.167.231,1,56
2.20.167.156,1,56
2.20.161.85,1,56
2.20.165.168,1,56
2.20.160.179,1,56
2.20.164.62,1,56
2.20.165.97,1,56
2.22.225.20,1,56
2.20.166.188,1,56
2.22.225.27,1,56
2.22.225.40,1,56
2.23.13.56,1,56
2.22.225.129,1,56
2.20.161.27,1,56
2.20.164.72,1,56
2.20.161.204,1,56
2.20.162.253,1,56
2.20.163.51,1,56
2.20.161.106,1,56
2.20.161.151,1,56
2.20.165.176,1,56
2.20.166.21,1,56
2.20.164.145,1,56
2.20.160.146,1,56
2.20.162.96,1,56
2.20.160.5,1,56
2.20.161.248,1,56
2.20.164.56,1,56
2.20.167.187,1,56
2.20.161.48,1,56
2.20.161.149,1,56
2.20.160.153,1,56
2.20.160.3,1,56
2.20.167.18,1,56
2.20.167.131,1,56
2.22.55.35,1,56
2.20.164.32,1,56
2.20.165.39,1,56
2.20.162.125,1,56
2.20.164.252,1,56
2.20.165.204,1,56
2.20.166.145,1,56
2.20.161.115,1,56
2.20.165.206,1,56
2.20.167.136,1,56
2.20.163.176,1,56
2.20.160.171,1,56
2.20.165.25,1,56
2.20.167.48,1,56
2.23.13.121,1,56
2.23.13.111,1,56
2.20.160.72,1,56
2.22.55.23,1,56
2.20.164.30,1,56
2.22.225.83,1,56
2.20.167.23,1,56
2.20.166.59,1,56
2.22.225.26,1,56
2.20.163.71,1,56
2.20.161.75,1,56
2.20.167.174,1,56
2.20.163.28,1,56
2.20.167.250,1,56
2.22.225.79,1,56
2.20.161.19,1,56
2.20.163.93,1,56
2.22.55.104,1,56
2.20.167.81,1,56
2.20.165.135,1,56
2.20.166.74,1,56
2.20.166.36,1,56
2.22.55.53,1,56
2.20.167.46,1,56
2.20.164.100,1,56
2.20.166.56,1,56
2.20.167.234,1,56
2.20.166.231,1,56
2.20.161.69,1,56
2.23.13.101,1,56
2.20.165.113,1,56
2.22.55.123,1,56
2.20.164.236,1,56
2.20.167.91,1,56
2.20.165.151,1,56
2.20.166.65,1,56
2.20.165.210,1,56
2.20.167.58,1,56
2.20.164.218,1,56
2.20.162.124,1,56
2.20.165.202,1,56
2.23.13.78,1,56
2.20.165.77,1,56
2.20.167.196,1,56
2.20.162.101,1,56
2.22.225.38,1,56
2.20.161.61,1,56
2.20.163.120,1,56
2.20.160.25,1,56
2.20.163.232,1,56
2.20.161.187,1,56
2.20.165.7,1,56
2.20.167.107,1,56
2.20.164.93,1,56
2.20.163.222,1,56
2.22.55.93,1,56
2.23.13.84,1,56
2.20.161.47,1,56
2.20.163.231,1,56
2.22.225.10,1,56
2.20.164.160,1,56
2.20.166.163,1,56
2.20.160.159,1,56
2.20.164.53,1,56
2.20.163.65,1,56
2.20.166.206,1,56
2.20.166.160,1,56
2.20.160.24,1,56
2.23.13.115,1,56
2.20.164.50,1,56
2.20.164.173,1,56
2.20.165.203,1,56
2.22.55.69,1,56
2.22.55.26,1,56
2.20.167.24,1,56
2.20.161.34,1,56
2.20.160.230,1,56
2.20.161.202,1,56
2.22.225.25,1,56
2.22.55.89,1,56
2.20.163.188,1,56
2.20.164.15,1,56
2.20.167.177,1,56
2.20.167.166,1,56
2.20.167.183,1,56
2.23.13.11,1,56
2.20.162.45,1,56
2.20.166.223,1,56
2.22.55.42,1,56
2.20.165.12,1,56
2.20.164.235,1,56
2.20.161.18,1,56
2.20.161.157,1,56
2.22.225.89,1,56
2.20.161.239,1,56
2.20.164.65,1,56
2.20.164.176,1,56
2.22.55.22,1,56
2.20.164.95,1,56
2.23.13.9,1,56
2.23.13.129,1,56
2.20.160.253,1,56
2.20.161.111,1,56
2.22.55.79,1,56
2.20.161.90,1,56
2.20.162.212,1,56
2.20.160.174,1,56
2.20.167.53,1,56
2.20.161.241,1,56
2.22.55.75,1,56
2.20.164.8,1,56
2.20.166.43,1,56
2.23.13.91,1,56
2.20.165.184,1,56
2.20.161.167,1,56
2.20.162.80,1,56
2.22.225.98,1,56
2.20.164.12,1,56
2.20.160.38,1,56
2.20.161.26,1,56
2.20.166.140,1,56
2.20.167.244,1,56
2.23.13.37,1,56
2.20.166.12,1,56
2.20.166.80,1,56
2.20.160.65,1,56
2.20.165.143,1,56
2.20.164.120,1,56
2.22.55.85,1,56
2.20.163.22,1,56
2.20.162.2,1,56
2.22.225.113,1,56
2.20.166.157,1,56
2.23.13.34,1,56
2.20.167.111,1,56
2.20.167.60,1,56
2.20.162.142,1,56
2.23.13.116,1,56
2.20.166.202,1,56
2.20.162.173,1,56
2.22.55.86,1,56
2.20.160.27,1,56
2.20.160.115,1,56
2.20.166.191,1,56
2.20.163.34,1,56
2.20.164.179,1,56
2.22.55.70,1,56
2.22.55.18,1,56
2.20.164.87,1,56
2.23.13.125,1,56
2.20.161.13,1,56
2.20.162.79,1,56
2.22.225.19,1,56
2.20.162.49,1,56
2.20.167.186,1,56
2.20.165.10,1,56
2.20.167.42,1,56
2.22.225.66,1,56
2.20.167.26,1,56
2.20.161.164,1,56
2.20.167.101,1,56
2.20.161.131,1,56
2.20.160.181,1,56
2.20.161.169,1,56
2.20.164.124,1,56
2.20.166.225,1,56
2.20.166.195,1,56
2.23.13.43,1,56
2.22.55.109,1,56
2.20.160.43,1,56
2.20.166.238,1,56
2.20.167.99,1,56
2.20.161.254,1,56
2.20.167.151,1,56
2.20.161.45,1,56
2.20.162.192,1,56
2.22.55.13,1,56
2.22.55.68,1,56
2.20.167.139,1,56
2.20.161.199,1,56
2.20.162.13,1,56
2.20.160.239,1,56
2.20.162.153,1,56
2.20.160.168,1,56
2.20.164.114,1,56
2.20.164.226,1,56
2.22.225.105,1,56
2.20.161.29,1,56
2.20.166.61,1,56
2.20.166.208,1,56
2.20.167.4,1,56
2.20.160.225,1,56
2.20.161.227,1,56
2.23.13.89,1,56
2.20.167.201,1,56
2.20.162.31,1,56
2.20.167.170,1,56
2.20.166.23,1,56
2.20.164.134,1,56
2.20.166.6,1,56
2.20.162.97,1,56
2.20.160.195,1,56
2.20.166.22,1,56
2.20.161.220,1,56
2.20.167.195,1,56
2.20.163.33,1,56
2.20.161.60,1,56
2.20.161.232,1,56
2.20.167.95,1,56
2.22.55.99,1,56
2.20.163.152,1,56
2.20.162.50,1,56
2.20.165.219,1,56
2.20.161.38,1,56
2.20.162.157,1,56
2.22.55.87,1,56
2.20.161.192,1,56
2.23.13.130,1,56
2.20.167.93,1,56
2.20.164.248,1,56
2.20.164.4,1,56
2.20.166.9,1,56
2.23.13.31,1,56
2.20.163.172,1,56
2.20.166.249,1,56
2.20.160.41,1,56
2.20.163.171,1,56
2.20.167.13,1,56
2.20.161.148,1,56
2.20.160.173,1,56
2.20.165.38,1,56
2.22.55.124,1,56
2.20.166.241,1,56
2.20.162.164,1,56
2.20.161.56,1,56
2.23.13.15,1,56
2.20.161.63,1,56
2.20.162.95,1,56
2.20.163.119,1,56
2.22.225.124,1,56
2.20.160.136,1,56
2.20.166.131,1,56
2.20.166.114,1,56
2.20.167.240,1,56
2.22.225.90,1,56
2.20.164.45,1,56
2.20.161.196,1,56
2.22.225.87,1,56
2.20.160.190,1,56
2.20.163.230,1,56
2.20.162.171,1,56
2.20.163.20,1,56
2.22.225.120,1,56
2.20.167.132,1,56
2.20.167.192,1,56
2.20.161.103,1,56
2.20.166.126,1,56
2.20.167.108,1,56
2.20.160.192,1,56
2.22.55.125,1,56
2.20.165.74,1,56
2.22.55.16,1,56
2.20.160.238,1,56
2.22.225.92,1,56
2.22.55.28,1,56
2.20.161.172,1,56
2.20.165.251,1,56
2.20.162.55,1,56
2.20.163.153,1,56
2.20.162.213,1,56
2.20.166.103,1,56
2.20.161.82,1,56
2.20.162.241,1,56
2.20.163.47,1,56
2.20.166.4,1,56
2.22.225.32,1,56
2.20.164.251,1,56
2.20.161.51,1,56
2.20.166.218,1,56
2.20.163.88,1,56
2.20.162.99,1,56
2.20.164.205,1,56
2.23.13.51,1,56
2.22.55.65,1,56
2.20.160.8,1,56
2.20.160.145,1,56
2.20.162.231,1,56
2.20.166.98,1,56
2.20.166.57,1,56
2.20.161.124,1,56
2.20.162.39,1,56
2.22.55.61,1,56
2.20.166.187,1,56
2.20.161.130,1,56
2.20.166.143,1,56
2.20.162.238,1,56
2.20.162.232,1,56
2.20.162.234,1,56
2.20.167.158,1,56
2.20.164.158,1,56
2.20.162.128,1,56
2.20.162.139,1,56
2.20.167.209,1,56
2.20.164.203,1,56
2.20.167.207,1,56
2.20.166.180,1,56
2.20.163.68,1,56
2.20.162.123,1,56
2.20.164.138,1,56
2.20.160.40,1,56
2.20.163.43,1,56
2.20.160.84,1,56
2.20.166.226,1,56
2.22.225.65,1,56
2.20.162.188,1,56
2.20.160.7,1,56
2.23.13.79,1,56
2.20.161.246,1,56
2.20.161.87,1,56
2.20.164.84,1,56
2.20.162.151,1,56
2.20.167.97,1,56
2.20.162.108,1,56
2.20.167.66,1,56
2.20.165.26,1,56
2.20.163.66,1,56
2.20.165.188,1,56
2.20.164.178,1,56
2.20.163.214,1,56
2.20.163.236,1,56
2.20.162.178,1,56
2.20.160.51,1,56
2.20.164.249,1,56
2.20.167.189,1,56
2.23.13.118,1,56
2.22.55.107,1,56
2.20.163.166,1,56
2.20.160.87,1,56
2.20.163.74,1,56
2.20.167.54,1,56
2.22.225.14,1,56
2.20.164.200,1,56
2.20.166.240,1,56
2.20.160.94,1,56
2.22.55.101,1,56
2.20.160.49,1,56
2.20.166.214,1,56
2.20.162.126,1,56
2.22.225.91,1,56
2.20.162.58,1,56
2.23.13.82,1,56
2.20.167.188,1,56
2.20.161.16,1,56
2.20.167.52,1,56
2.20.164.106,1,56
2.20.167.121,1,56
2.20.163.149,1,56
2.20.161.205,1,56
2.22.55.31,1,56
2.20.164.91,1,56
2.20.164.254,1,56
2.20.160.218,1,56
2.20.165.56,1,56
2.20.161.68,1,56
2.22.55.38,1,56
2.20.165.16,1,56
2.20.161.74,1,56
2.23.13.25,1,56
2.20.164.20,1,56
2.20.163.59,1,56
2.20.165.226,1,56
2.20.162.37,1,56
2.20.165.118,1,56
2.22.225.86,1,56
2.22.55.16,1,56
2.20.162.69,1,56
2.20.165.70,1,56
2.20.163.198,1,56
2.20.167.164,1,56
2.20.162.34,1,56
2.20.162.121,1,56
2.20.163.209,1,56
2.20.166.45,1,56
2.20.167.98,1,56
2.20.163.180,1,56
2.20.164.5,1,56
2.20.167.49,1,56
2.20.163.108,1,56
2.20.165.29,1,56
2.20.164.101,1,56
2.20.163.185,1,56
2.20.166.136,1,56
2.20.161.122,1,56
2.20.161.188,1,56
2.20.162.214,1,56
2.20.160.98,1,56
2.20.166.68,1,56
2.22.225.35,1,56
2.20.162.77,1,56
2.20.164.96,1,56
2.20.166.67,1,56
2.20.163.146,1,56
2.20.161.37,1,56
2.20.165.91,1,56
2.20.163.241,1,56
2.20.165.122,1,56
2.20.166.69,1,56
2.20.165.59,1,56
2.22.55.52,1,56
2.20.167.126,1,56
2.20.160.55,1,56
2.20.166.8,1,56
2.20.162.82,1,56
2.22.225.68,1,56
2.20.163.129,1,56
2.22.55.113,1,56
2.20.164.193,1,56
2.20.160.11,1,56
2.20.162.3,1,56
2.20.163.136,1,56
2.22.225.103,1,56
2.20.167.172,1,56
2.20.160.231,1,56
2.20.163.223,1,56
2.22.225.97,1,56
2.22.55.131,1,56
2.22.55.92,1,56
2.20.162.27,1,56
2.20.163.16,1,56
2.20.164.159,1,56
2.22.55.74,1,56
2.20.163.42,1,56
2.22.55.9,1,56
2.20.161.251,1,56
2.20.162.223,1,56
2.20.160.154,1,56
2.22.225.104,1,56
2.20.164.99,1,56
2.22.225.18,1,56
2.20.160.184,1,56
2.20.160.78,1,56
2.20.163.190,1,56
2.20.167.87,1,56
2.20.164.206,1,56
2.20.167.89,1,56
2.23.13.126,1,56
2.20.160.83,1,56
2.20.163.227,1,56
2.20.162.181,1,56
2.20.161.194,1,56
2.20.163.226,1,56
2.23.13.77,1,56
2.23.13.98,1,56
2.20.167.86,1,56
2.20.161.102,1,56
2.20.163.73,1,56
2.20.161.91,1,56
2.20.161.230,1,56
2.20.165.73,1,56
2.20.161.107,1,56
2.20.164.90,1,56
2.22.55.46,1,56
2.20.160.172,1,56
2.20.163.83,1,56
2.22.225.106,1,56
2.20.162.113,1,56
2.20.165.102,1,56
2.20.166.2,1,56
2.20.163.41,1,56
2.20.164.64,1,56
2.20.161.93,1,56
2.20.163.7,1,56
2.20.160.114,1,56
2.20.165.169,1,56
2.20.165.152,1,56
2.23.13.68,1,56
2.20.163.79,1,56
2.20.164.161,1,56
2.22.55.17,1,56
2.20.167.152,1,56
2.20.167.118,1,56
2.22.55.25,1,56
2.20.161.186,1,56
2.20.162.53,1,56
2.20.167.252,1,56
2.20.160.77,1,56
2.20.160.131,1,56
2.20.161.32,1,56
2.20.162.91,1,56
2.20.160.62,1,56
2.20.165.129,1,56
2.20.162.152,1,56
2.20.163.253,1,56
2.20.161.4,1,56
2.20.164.27,1,56
2.23.13.106,1,56
2.20.163.143,1,56
2.20.161.223,1,56
2.20.165.51,1,56
2.20.163.234,1,56
2.20.166.196,1,56
2.20.161.116,1,56
2.23.13.48,1,56
2.20.160.74,1,56
2.20.161.81,1,56
2.20.161.30,1,56
2.20.162.59,1,56
2.20.164.164,1,56
2.20.163.199,1,56
2.20.163.104,1,56
2.20.160.46,1,56
2.20.165.96,1,56
2.22.225.64,1,56
2.20.161.195,1,56
2.20.162.180,1,56
2.20.164.63,1,56
2.20.167.228,1,56
2.20.164.104,1,56
2.20.166.137,1,56
2.20.161.135,1,56
2.22.225.13,1,56
2.20.164.195,1,56
2.20.161.66,1,56
2.20.165.121,1,56
2.20.160.15,1,56
2.20.160.169,1,56
2.20.166.87,1,56
2.20.164.191,1,56
2.20.165.142,1,56
2.20.164.60,1,56
2.20.162.127,1,56
2.20.166.239,1,56
2.20.161.17,1,56
2.20.163.36,1,56
2.20.166.149,1,56
2.20.160.99,1,56
2.20.167.206,1,56
2.20.166.156,1,56
2.20.165.232,1,56
2.22.55.4,1,56
2.20.164.253,1,56
2.20.164.238,1,56
2.20.161.104,1,56
2.20.164.117,1,56
2.20.160.189,1,56
2.20.167.230,1,56
2.20.162.33,1,56
2.20.164.139,1,56
2.20.166.186,1,56
2.23.13.10,1,56
2.20.165.104,1,56
2.20.167.43,1,56
2.20.163.155,1,56
2.20.162.116,1,56
2.22.225.253,1,56
2.20.160.26,1,56
2.23.13.113,1,56
2.23.13.33,1,56
2.20.164.118,1,56
2.20.164.210,1,56
2.20.161.181,1,56
2.20.166.244,1,56
2.20.165.227,1,56
2.20.164.136,1,56
2.20.162.137,1,56
2.20.164.199,1,56
2.20.163.244,1,56
2.20.163.60,1,56
2.20.162.103,1,56
2.20.164.230,1,56
2.20.165.234,1,56
2.20.161.184,1,56
2.20.166.119,1,56
2.20.160.17,1,56
2.20.167.34,1,56
2.20.166.177,1,56
2.20.165.207,1,56
2.20.162.249,1,56
2.20.161.35,1,56
2.20.163.100,1,56
2.20.164.79,1,56
2.20.163.5,1,56
2.20.167.242,1,56
2.20.164.16,1,56
2.23.13.50,1,56
2.20.162.12,1,56
2.22.225.61,1,56
2.20.165.213,1,56
2.22.55.126,1,56
2.20.165.209,1,56
2.20.165.23,1,56
2.20.166.242,1,56
2.20.165.221,1,56
2.22.225.112,1,56
2.20.167.216,1,56
2.20.164.247,1,56
2.20.167.110,1,56
2.20.160.81,1,56
2.20.163.126,1,56
2.20.160.116,1,56
2.22.225.21,1,56
2.22.55.66,1,56
2.22.55.91,1,56
2.20.163.137,1,56
2.20.167.205,1,56
2.20.165.87,1,56
2.20.166.168,1,56
2.20.166.204,1,56
2.20.161.125,1,56
2.20.165.252,1,56
2.20.166.41,1,56
2.20.162.207,1,56
2.20.162.64,1,56
2.20.164.240,1,56
2.20.161.129,1,56
2.22.225.12,1,56
2.20.161.250,1,56
2.20.167.32,1,56
2.20.167.36,1,56
2.20.165.76,1,56
2.20.161.221,1,56
2.20.164.111,1,56
2.20.163.89,1,56
2.20.165.171,1,56
2.20.167.51,1,56
2.20.166.30,1,56
2.20.162.165,1,56
2.20.166.172,1,56
2.20.166.95,1,56
2.20.167.227,1,56
2.20.162.75,1,56
2.20.160.254,1,56
2.20.167.37,1,56
2.20.160.23,1,56
2.22.225.131,1,56
2.20.166.16,1,56
2.20.163.237,1,56
2.20.162.175,1,56
2.20.163.56,1,56
2.23.13.102,1,56
2.20.164.217,1,56
2.20.166.18,1,56
2.20.162.40,1,56
2.20.165.14,1,56
2.20.165.47,1,56
2.20.166.133,1,56
2.20.164.110,1,56
2.23.13.53,1,56
2.20.163.182,1,56
2.20.165.186,1,56
2.20.166.152,1,56
2.20.165.150,1,56
2.20.163.116,1,56
2.20.164.186,1,56
2.20.165.101,1,56
2.20.160.232,1,56
2.22.225.101,1,56
2.20.167.217,1,56
2.20.167.173,1,56
2.20.164.80,1,56
2.22.225.30,1,56
2.20.162.4,1,56
2.20.160.125,1,56
2.20.167.77,1,56
2.20.160.103,1,56
2.20.160.175,1,56
2.20.160.196,1,56
2.20.165.66,1,56
2.20.164.183,1,56
2.20.166.130,1,56
2.20.167.251,1,56
2.20.162.9,1,56
2.20.162.149,1,56
2.20.167.141,1,56
2.20.164.75,1,56
2.22.55.41,1,56
2.20.162.206,1,56
2.20.164.69,1,56
2.20.167.130,1,56
2.20.166.217,1,56
2.20.162.56,1,56
2.20.167.163,1,56
2.20.164.243,1,56
2.20.167.115,1,56
2.23.13.54,1,56
2.20.160.122,1,56
2.20.162.245,1,56
2.20.165.173,1,56
2.20.164.155,1,56
2.20.167.3,1,56
2.20.165.148,1,56
2.22.55.54,1,56
2.20.161.40,1,56
2.20.166.33,1,56
2.20.167.17,1,56
2.20.165.54,1,56
2.20.164.7,1,56
2.20.167.180,1,56
2.20.160.210,1,56
2.20.167.191,1,56
2.20.163.247,1,56
2.20.166.85,1,56
2.20.165.228,1,56
2.20.167.70,1,56
2.20.164.198,1,56
2.20.162.76,1,56
2.20.160.167,1,56
2.20.165.191,1,56
2.20.161.53,1,56
2.20.166.248,1,56
2.20.167.125,1,56
2.20.165.107,1,56
2.22.55.32,1,56
2.20.163.40,1,56
2.20.167.199,1,56
2.20.163.192,1,56
2.20.162.183,1,56
2.20.167.197,1,56
2.20.161.180,1,56
2.20.166.83,1,56
2.20.160.240,1,56
2.20.162.187,1,56
2.20.165.49,1,56
2.20.164.227,1,56
2.20.160.229,1,56
2.22.225.67,1,56
2.22.225.42,1,56
2.22.55.24,1,56
2.22.55.11,1,56
2.20.166.159,1,56
2.20.164.234,1,56
2.20.166.250,1,56
2.20.166.76,1,56
2.20.162.112,1,56
2.20.161.72,1,56
2.20.167.30,1,56
2.20.162.65,1,56
2.23.13.59,1,56
2.20.163.80,1,56
2.20.167.105,1,56
2.20.161.8,1,56
2.20.160.155,1,56
2.20.165.82,1,56
2.20.164.107,1,56
2.23.13.62,1,56
2.20.160.60,1,56
2.20.160.197,1,56
2.20.166.154,1,56
2.20.162.14,1,56
2.20.163.117,1,56
2.20.163.121,1,56
2.20.160.108,1,56
2.20.161.7,1,56
2.20.165.2,1,56
2.20.160.188,1,56
2.20.167.222,1,56
2.20.165.78,1,56
2.20.167.19,1,56
2.20.164.165,1,56
2.20.166.148,1,56
2.20.160.111,1,56
2.20.161.134,1,56
2.20.163.14,1,56
2.20.161.12,1,56
2.20.162.251,1,56
2.22.225.62,1,56
2.20.165.214,1,56
2.20.161.207,1,56
2.20.162.60,1,56
2.22.225.63,1,56
2.20.161.113,1,56
2.20.162.66,1,56
2.20.164.55,1,56
2.20.162.20,1,56
2.20.163.133,1,56
2.20.162.205,1,56
2.20.162.190,1,56
2.20.160.157,1,56
2.20.162.182,1,56
2.20.167.140,1,56
2.20.162.204,1,56
2.20.165.6,1,56
2.20.166.94,1,56
2.20.166.147,1,56
2.20.163.205,1,56
2.20.162.215,1,56
2.20.166.167,1,56
2.20.161.89,1,56
2.20.165.218,1,56
2.20.165.46,1,56
2.23.13.103,1,56
2.22.55.55,1,56
2.20.167.31,1,56
2.20.163.170,1,56
2.20.164.190,1,56
2.20.167.238,1,56
2.20.162.233,1,56
2.20.163.191,1,56
2.20.167.213,1,56
2.20.161.154,1,56
2.20.161.28,1,56
2.20.162.163,1,56
2.20.160.66,1,56
2.20.160.149,1,56
2.23.13.108,1,56
2.20.164.212,1,56
2.20.164.119,1,56
2.20.162.61,1,56
2.20.166.176,1,56
2.20.163.50,1,56
2.20.167.124,1,56
2.22.225.73,1,56
2.20.166.209,1,56
2.20.163.135,1,56
2.20.160.93,1,56
2.20.167.143,1,56
2.20.165.105,1,56
2.22.55.118,1,56
2.20.162.250,1,56
2.20.167.6,1,56
2.20.163.15,1,56
2.22.55.127,1,56
2.20.166.132,1,56
2.20.160.31,1,56
2.20.161.83,1,56
2.20.167.219,1,56
2.20.167.194,1,56
2.20.167.90,1,56
2.20.162.133,1,56
2.20.167.254,1,56
2.22.225.127,1,56
2.22.55.121,1,56
2.20.162.200,1,56
2.20.166.73,1,56
2.20.162.42,1,56
2.20.161.123,1,56
2.20.160.236,1,56
2.20.160.199,1,56
2.20.162.35,1,56
2.20.166.150,1,56
2.22.55.76,1,56
2.20.165.72,1,56
2.20.162.209,1,56
2.20.161.206,1,56
2.20.164.52,1,56
2.20.162.16,1,56
2.20.166.210,1,56
2.20.160.102,1,56
2.20.165.180,1,56
2.20.160.228,1,56
2.20.162.6,1,56
2.20.164.67,1,56
2.20.161.170,1,56
2.20.167.62,1,56
2.20.160.130,1,56
2.20.167.55,1,56
2.20.166.232,1,56
2.22.225.23,1,56
2.22.225.16,1,56
2.20.167.233,1,56
2.20.165.242,1,56
2.20.160.53,1,56
2.20.165.42,1,56
2.20.164.233,1,56
2.20.165.158,1,56
2.20.163.107,1,56
2.22.225.58,1,56
2.22.225.17,1,56
2.20.166.15,1,56
2.22.55.129,1,56
2.20.160.106,1,56
2.20.166.121,1,56
2.20.164.207,1,56
2.20.163.248,1,56
2.22.55.80,1,56
2.20.164.174,1,56
2.20.166.228,1,56
2.20.163.113,1,56
2.20.164.129,1,56
2.20.165.159,1,56
2.23.13.90,1,56
2.20.163.3,1,56
2.20.165.98,1,56
2.20.160.35,1,56
2.20.164.94,1,56
2.20.160.224,1,56
2.20.166.11,1,56
2.20.165.88,1,56
2.20.162.71,1,56
2.22.225.100,1,56
2.23.13.44,1,56
2.20.165.243,1,56
2.20.164.2,1,56
2.20.166.72,1,56
2.20.162.74,1,56
2.20.163.245,1,56
2.20.167.218,1,56
2.22.55.33,1,56
2.20.161.208,1,56
2.20.166.201,1,56
2.20.163.92,1,56
2.20.163.187,1,56
2.20.166.179,1,56
2.20.165.190,1,56
2.20.164.25,1,56
2.20.166.60,1,56
2.20.167.202,1,56
2.20.161.88,1,56
2.20.167.150,1,56
2.23.13.58,1,56
2.20.161.212,1,56
2.23.13.47,1,56
2.20.162.158,1,56
2.20.160.140,1,56
2.20.165.75,1,56
2.20.166.253,1,56
2.20.163.98,1,56
2.20.164.152,1,56
2.20.160.100,1,56
2.20.160.163,1,56
2.20.161.98,1,56
2.20.160.233,1,56
2.22.225.70,1,56
2.22.55.30,1,56
2.20.165.196,1,56
2.22.225.78,1,56
2.20.164.225,1,56
2.20.166.161,1,56
2.20.164.151,1,56
2.20.160.47,1,56
2.20.161.253,1,56
2.20.162.145,1,56
2.20.163.200,1,56
2.20.162.230,1,56
2.22.55.15,1,56
2.20.167.239,1,56
2.20.165.95,1,56
2.20.163.224,1,56
2.20.163.206,1,56
2.20.162.144,1,56
2.20.164.122,1,56
2.20.160.4,1,56
2.20.166.113,1,56
2.23.13.95,1,56
2.20.163.252,1,56
2.20.160.214,1,56
2.20.164.81,1,56
2.23.13.29,1,56
2.20.162.224,1,56
2.20.166.104,1,56
2.20.163.82,1,56
2.20.167.109,1,56
2.20.161.158,1,56
2.20.162.98,1,56
2.20.164.9,1,56
2.20.164.112,1,56
2.22.225.117,1,56
2.23.13.70,1,56
2.20.166.233,1,56
2.20.161.209,1,56
2.20.160.207,1,56
2.20.162.236,1,56
2.20.161.95,1,56
2.20.161.137,1,56
2.22.225.50,1,56
2.20.160.251,1,56
2.20.167.236,1,56
2.20.160.54,1,56
2.22.225.128,1,56
2.22.225.111,1,56
2.20.164.19,1,56
2.22.55.116,1,56
2.20.165.19,1,56
2.23.13.46,1,56
2.20.165.157,1,56
2.20.161.110,1,56
2.20.165.43,1,56
2.20.164.108,1,56
2.20.164.113,1,56
2.20.166.38,1,56
2.20.165.160,1,56
2.20.165.235,1,56
2.20.166.42,1,56
2.23.13.124,1,56
2.20.160.245,1,56
2.23.13.72,1,56
2.22.225.55,1,56
2.23.13.109,1,56
2.20.162.81,1,56
2.20.161.94,1,56
2.20.167.82,1,56
2.20.163.218,1,56
2.20.166.44,1,56
2.20.161.70,1,56
2.22.225.36,1,56
2.20.161.165,1,56
2.20.166.162,1,56
2.20.164.153,1,56
2.20.161.79,1,56
2.20.162.107,1,56
2.20.163.2,1,56
2.20.164.148,1,56
2.20.165.111,1,56
2.20.166.120,1,56
2.20.162.88,1,56
2.23.13.99,1,56
2.20.165.48,1,56
2.20.166.122,1,56
2.20.165.119,1,56
2.20.163.38,1,56
2.20.166.182,1,56
2.20.161.225,1,56
2.20.166.81,1,56
2.20.161.139,1,56
2.20.167.129,1,56
2.20.166.243,1,56
2.20.163.105,1,56
2.20.161.203,1,56
2.20.160.217,1,56
2.20.167.138,1,56
2.22.225.75,1,56
2.20.160.223,1,56
2.20.166.66,1,56
2.20.164.29,1,56
2.20.162.208,1,56
2.20.163.13,1,56
2.20.163.159,1,56
2.20.167.78,1,56
2.20.162.25,1,56
2.23.13.94,1,56
2.22.55.111,1,56
2.20.160.34,1,56
2.20.164.121,1,56
2.20.161.92,1,56
2.22.225.34,1,56
2.20.166.194,1,56
2.20.163.148,1,56
2.20.160.144,1,56
2.20.164.14,1,56
2.20.162.186,1,56
2.20.164.133,1,56
2.20.166.14,1,56
2.20.165.224,1,56
2.20.163.132,1,56
2.20.163.160,1,56
2.20.162.227,1,56
2.20.164.131,1,56
2.20.165.125,1,56
2.20.164.41,1,56
2.20.163.238,1,56
2.20.161.59,1,56
2.20.161.55,1,56
2.20.161.36,1,56
2.20.165.100,1,56
2.23.13.80,1,56
2.20.165.240,1,56
2.20.167.11,1,56
2.20.167.182,1,56
2.20.160.121,1,56
2.20.166.235,1,56
2.20.165.109,1,56
2.20.165.155,1,56
2.20.163.58,1,56
2.20.162.78,1,56
2.20.160.16,1,56
2.23.13.13,1,56
2.20.162.218,1,56
2.20.161.121,1,56
2.20.162.15,1,56
2.20.164.86,1,56
2.20.167.155,1,56
2.20.165.153,1,56
2.23.13.5,1,56
2.20.166.29,1,56
2.20.165.136,1,56
2.20.162.179,1,56
2.20.167.8,1,56
2.20.164.156,1,56
2.20.165.247,1,56
2.20.165.175,1,56
2.22.225.93,1,56
2.20.167.241,1,56
2.20.160.213,1,56
2.20.161.222,1,56
2.22.225.125,1,56
2.20.167.85,1,56
2.23.13.93,1,56
2.22.225.60,1,56
2.20.167.127,1,56
2.20.165.211,1,56
2.20.163.53,1,56
2.20.162.118,1,56
2.20.164.58,1,56
2.22.225.110,1,56
2.20.165.71,1,56
2.20.160.58,1,56
2.20.162.57,1,56
2.23.13.128,1,56
2.20.161.43,1,56
2.20.163.118,1,56
2.20.164.123,1,56
2.20.160.133,1,56
2.20.163.54,1,56
2.20.166.101,1,56
2.20.162.194,1,56
2.20.165.166,1,56
2.23.13.122,1,56
2.20.160.187,1,56
2.20.167.15,1,56
2.22.225.72,1,56
2.20.167.94,1,56
2.20.166.31,1,56
2.20.160.80,1,56
2.20.162.92,1,56
2.20.162.167,1,56
2.20.165.11,1,56
2.20.160.63,1,56
2.20.162.17,1,56
2.20.165.245,1,56
2.58.24.58,0,238
2.20.162.244,1,56
2.20.164.150,1,56
2.20.165.130,1,56
2.20.160.148,1,56
2.20.160.166,1,56
2.23.13.8,1,56
2.20.166.200,1,56
2.20.165.145,1,56
2.20.164.71,1,56
2.20.166.7,1,56
2.20.166.62,1,56
2.20.164.208,1,56
2.20.162.196,1,56
2.20.164.85,1,56
2.20.163.86,1,56
2.20.161.193,1,56
2.20.165.163,1,56
2.20.162.146,1,56
2.20.166.227,1,56
2.20.161.217,1,56
2.20.167.235,1,56
2.20.160.200,1,56
2.20.162.247,1,56
2.20.161.228,1,56
2.20.161.143,1,56
2.20.164.33,1,56
2.20.163.157,1,56
2.20.161.140,1,56
2.20.161.128,1,56
2.20.160.71,1,56
2.20.166.185,1,56
2.20.162.252,1,56
2.22.55.102,1,56
2.20.167.119,1,56
2.20.166.58,1,56
2.22.55.36,1,56
2.20.163.24,1,56
2.22.55.105,1,56
2.20.161.201,1,56
2.22.225.118,1,56
2.20.160.205,1,56
2.20.164.143,1,56
2.22.55.5,1,56
2.20.165.61,1,56
2.20.166.106,1,56
2.20.164.149,1,56
2.20.163.138,1,56
2.20.160.186,1,56
2.20.161.25,1,56
2.20.166.230,1,56
2.20.164.13,1,56
2.20.163.161,1,56
2.20.161.5,1,56
2.22.55.51,1,56
2.20.160.88,1,56
2.20.165.68,1,56
2.20.162.197,1,56
2.20.161.64,1,56
2.20.167.80,1,56
2.20.162.177,1,56
2.20.163.85,1,56
2.20.162.210,1,56
2.20.165.30,1,56
2.22.55.106,1,56
2.20.161.156,1,56
2.20.167.122,1,56
2.22.225.47,1,56
2.20.160.118,1,56
2.20.165.205,1,56
2.20.163.169,1,56
2.20.165.86,1,56
2.20.165.110,1,56
2.20.163.251,1,56
2.23.13.85,1,56
2.20.161.236,1,56
2.20.160.95,1,56
2.20.167.145,1,56
2.20.161.14,1,56
2.20.167.44,1,56
2.20.166.174,1,56
2.20.164.182,1,56
2.20.167.178,1,56
2.20.164.18,1,56
2.20.162.44,1,56
2.20.160.107,1,56
2.20.162.148,1,56
2.22.55.130,1,56
2.22.55.112,1,56
2.20.161.71,1,56
2.20.166.102,1,56
2.20.166.215,1,56
2.20.164.36,1,56
2.22.225.49,1,56
2.20.160.14,1,56
2.22.225.51,1,56
2.23.13.39,1,56
2.20.166.197,1,56
2.23.13.87,1,56
2.20.163.46,1,56
2.20.164.144,1,56
2.20.165.254,1,56
2.20.162.132,1,56
2.20.164.168,1,56
2.20.164.215,1,56
2.20.164.98,1,56
2.20.160.182,1,56
2.20.161.211,1,56
2.20.163.26,1,56
2.20.160.201,1,56
2.20.165.35,1,56
2.20.165.128,1,56
2.23.13.97,1,56
2.20.163.23,1,56
2.20.167.157,1,56
2.20.165.33,1,56
2.20.167.193,1,56
2.20.163.84,1,56
2.20.160.244,1,56
2.20.163.102,1,56
2.20.163.246,1,56
2.20.160.18,1,56
2.20.163.48,1,56
2.22.55.108,1,56
2.20.160.9,1,56
2.20.162.136,1,56
2.20.167.249,1,56
2.20.165.193,1,56
2.20.161.173,1,56
2.20.166.216,1,56
2.20.163.61,1,56
2.20.166.170,1,56
2.20.166.40,1,56
2.20.164.197,1,56
2.22.55.19,1,56
2.20.166.165,1,56
2.20.161.112,1,56
2.20.167.168,1,56
2.20.165.217,1,56
2.20.163.163,1,56
2.20.161.182,1,56
2.20.163.122,1,56
2.20.164.204,1,56
2.20.161.159,1,56
2.20.163.19,1,56
2.20.160.64,1,56
2.20.162.191,1,56
2.20.161.247,1,56
2.20.162.120,1,56
2.22.55.39,1,56
2.20.164.194,1,56
2.20.160.36,1,56
2.20.161.191,1,56
2.20.161.179,1,56
2.22.55.59,1,56
2.20.165.114,1,56
2.20.166.27,1,56
2.20.166.224,1,56
2.20.166.54,1,56
2.20.162.54,1,56
2.20.164.3,1,56
2.20.167.63,1,56
2.20.165.58,1,56
2.20.166.178,1,56
2.20.160.30,1,56
2.20.162.221,1,56
2.20.166.166,1,56
2.20.165.178,1,56
2.22.225.44,1,56
2.20.160.198,1,56
2.20.160.132,1,56
2.20.165.52,1,56
2.20.164.10,1,56
2.20.165.126,1,56
2.20.160.222,1,56
2.20.160.22,1,56
2.20.162.38,1,56
2.20.160.69,1,56
2.20.161.33,1,56
2.20.161.234,1,56
2.20.163.210,1,56
2.20.164.51,1,56
2.20.164.38,1,56
2.20.163.220,1,56
2.22.55.29,1,56
2.22.225.11,1,56
2.22.55.83,1,56
2.20.167.65,1,56
2.23.13.12,1,56
2.20.165.28,1,56
2.20.166.112,1,56
2.23.13.40,1,56
2.20.162.122,1,56
2.20.165.199,1,56
2.20.161.235,1,56
2.20.162.162,1,56
2.20.167.9,1,56
2.20.162.189,1,56
2.20.163.195,1,56
2.20.161.46,1,56
2.20.160.250,1,56
2.20.162.73,1,56
2.20.162.119,1,56
2.20.166.211,1,56
2.20.163.151,1,56
2.20.167.181,1,56
2.20.164.220,1,56
2.20.161.132,1,56
2.20.163.202,1,56
2.20.166.138,1,56
2.20.167.212,1,56
2.20.164.163,1,56
2.20.165.32,1,56
2.20.167.40,1,56
2.20.165.161,1,56
2.20.166.117,1,56
2.20.166.96,1,56
2.20.167.114,1,56
2.23.13.22,1,56
2.20.167.116,1,56
2.22.55.8,1,56
2.20.162.185,1,56
2.20.165.124,1,56
2.20.163.75,1,56
2.20.162.141,1,56
2.20.167.38,1,56
2.20.167.41,1,56
2.20.162.110,1,56
2.23.13.110,1,56
2.20.165.117,1,56
2.20.162.159,1,56
2.22.225.7,1,56
2.20.167.221,1,56
2.20.165.103,1,56
2.20.166.5,1,56
2.20.167.220,1,56
2.20.161.171,1,56
2.20.162.111,1,56
2.20.164.35,1,56
2.22.225.57,1,56
2.20.161.150,1,56
2.20.161.166,1,56
2.20.163.64,1,56
2.20.164.177,1,56
2.22.225.41,1,56
2.20.166.77,1,56
2.20.164.40,1,56
2.20.163.189,1,56
2.20.160.33,1,56
2.20.161.198,1,56
2.20.163.90,1,56
2.22.225.45,1,56
2.20.164.31,1,56
2.20.164.157,1,56
2.20.160.104,1,56
2.20.162.243,1,56
2.20.160.164,1,56
2.20.165.8,1,56
2.20.161.252,1,56
2.20.161.54,1,56
2.20.165.181,1,56
2.23.13.114,1,56
2.20.165.233,1,56
2.20.161.77,1,56
2.20.161.2,1,56
2.20.160.226,1,56
2.20.164.48,1,56
2.20.167.100,1,56
2.20.167.84,1,56
2.20.165.137,1,56
2.20.163.131,1,56
2.20.166.173,1,56
2.20.166.24,1,56
2.20.162.242,1,56
2.20.160.208,1,56
2.22.55.90,1,56
2.22.225.122,1,56
2.20.166.107,1,56
2.20.164.237,1,56
2.20.166.144,1,56
2.20.162.87,1,56
2.20.165.34,1,56
2.20.160.109,1,56
2.20.166.128,1,56
2.22.55.117,1,56
2.20.161.11,1,56
2.20.166.50,1,56
2.20.162.198,1,56
2.20.164.115,1,56
2.20.165.108,1,56
2.20.160.117,1,56
2.20.162.174,1,56
2.20.167.104,1,56
2.20.166.237,1,56
2.20.166.20,1,56
2.20.161.136,1,56
2.20.160.180,1,56
2.20.162.202,1,56
2.20.160.156,1,56
2.20.167.246,1,56
2.20.161.52,1,56
2.20.166.109,1,56
2.20.165.133,1,56
2.20.162.134,1,56
2.23.13.66,1,56
2.20.161.119,1,56
2.20.160.161,1,56
2.20.161.162,1,56
2.20.164.185,1,56
2.20.162.52,1,56
2.20.160.127,1,56
2.20.160.243,1,56
2.20.161.152,1,56
2.20.161.145,1,56
2.20.160.176,1,56
2.20.161.178,1,56
2.20.161.41,1,56
2.20.166.49,1,56
2.20.161.200,1,56
2.20.161.210,1,56
2.23.13.100,1,56
2.23.13.123,1,56
2.20.160.220,1,56
2.20.163.70,1,56
2.20.167.50,1,56
2.20.165.37,1,56
2.20.163.201,1,56
2.20.166.220,1,56
2.22.55.72,1,56
2.20.161.84,1,56
2.20.163.31,1,56
2.20.165.239,1,56
2.20.161.117,1,56
2.20.167.92,1,56
2.20.163.179,1,56
2.20.163.18,1,56
2.20.163.110,1,56
2.22.55.67,1,56
2.20.162.51,1,56
2.20.167.21,1,56
2.20.167.59,1,56
2.20.160.143,1,56
2.20.163.147,1,56
2.20.163.25,1,56
2.23.13.6,1,56
2.20.165.139,1,56
2.20.164.126,1,56
2.20.161.155,1,56
2.20.160.124,1,56
2.20.160.178,1,56
2.22.55.122,1,56
2.20.165.249,1,56
2.20.165.182,1,56
2.20.167.22,1,56
2.22.55.27,1,56
2.20.160.252,1,56
2.20.164.68,1,56
2.20.160.177,1,56
2.20.162.11,1,56
2.20.163.94,1,56
2.22.225.31,1,56
2.20.163.240,1,56
2.20.160.242,1,56
2.20.160.191,1,56
2.22.225.28,1,56
2.20.162.129,1,56
2.20.161.108,1,56
2.23.13.32,1,56
2.20.165.230,1,56
2.22.225.43,1,56
2.20.167.247,1,56
2.20.167.67,1,56
2.20.166.171,1,56
2.20.165.156,1,56
2.20.167.134,1,56
2.20.161.80,1,56
2.23.13.61,1,56
2.20.165.165,1,56
2.23.13.18,1,56
2.20.160.237,1,56
2.20.162.222,1,56
2.20.167.144,1,56
2.20.163.217,1,56
2.20.165.174,1,56
2.20.165.99,1,56
2.20.163.57,1,56
2.20.160.215,1,56
2.20.167.83,1,56
2.22.55.37,1,56
2.20.165.41,1,56
2.20.162.29,1,56
2.20.162.28,1,56
2.20.160.56,1,56
2.20.164.130,1,56
2.22.55.128,1,56
2.22.55.114,1,56
2.20.160.29,1,56
2.20.164.89,1,56
2.20.164.22,1,56
2.20.164.242,1,56
2.20.163.142,1,56
2.22.55.73,1,56
2.20.167.154,1,56
2.20.165.9,1,56
2.20.167.135,1,56
2.20.164.245,1,56
2.20.167.20,1,56
2.22.225.33,1,56
2.20.162.143,1,56
2.22.225.108,1,56
2.20.164.74,1,56
2.20.166.52,1,56
2.20.167.47,1,56
2.20.166.93,1,56
2.20.164.228,1,56
2.22.225.81,1,56
2.23.13.71,1,56
2.20.166.53,1,56
2.22.55.48,1,56
2.20.163.167,1,56
2.20.161.147,1,56
2.20.161.109,1,56
2.23.13.23,1,56
2.20.160.216,1,56
2.20.165.112,1,56
2.20.165.79,1,56
2.20.163.130,1,56
2.20.162.226,1,56
2.23.13.67,1,56
2.20.163.162,1,56
2.20.161.233,1,56
2.20.162.254,1,56
2.20.166.169,1,56
2.20.165.244,1,56
2.20.160.37,1,56
2.20.167.237,1,56
2.20.162.154,1,56
2.20.160.19,1,56
2.20.166.205,1,56
2.20.160.160,1,56
2.20.164.76,1,56
2.20.166.97,1,56
2.20.163.91,1,56
2.20.166.90,1,56
2.20.165.17,1,56
2.20.167.198,1,56
2.20.162.160,1,56
2.20.163.208,1,56
2.20.167.96,1,56
2.20.166.123,1,56
2.20.166.190,1,56
2.20.162.225,1,56
2.20.164.28,1,56
2.20.167.71,1,56
2.20.161.20,1,56
2.20.162.220,1,56
2.20.163.63,1,56
2.20.166.39,1,56
2.22.225.82,1,56
2.20.165.40,1,56
2.20.164.146,1,56
2.20.165.127,1,56
2.20.163.109,1,56
2.20.166.245,1,56
2.20.164.166,1,56
2.20.163.106,1,56
2.20.164.82,1,56
2.20.166.198,1,56
2.20.167.128,1,56
2.22.55.71,1,56
2.20.164.221,1,56
2.20.165.115,1,56
2.22.225.54,1,56
2.23.13.112,1,56
2.20.164.223,1,56
2.20.161.231,1,56
2.20.166.129,1,56
2.23.13.17,1,56
2.20.160.194,1,56
2.22.225.59,1,56
2.20.165.134,1,56
2.20.160.67,1,56
2.20.166.181,1,56
2.20.167.106,1,56
2.22.55.63,1,56
2.20.165.36,1,56
2.20.165.231,1,56
2.20.160.50,1,56
2.20.166.47,1,56
2.20.160.73,1,56
2.20.166.236,1,56
2.20.160.138,1,56
2.23.13.14,1,56
2.23.13.117,1,56
2.20.163.184,1,56
2.20.165.187,1,56
2.20.164.109,1,56
2.20.167.176,1,56
2.22.55.120,1,56
2.20.163.127,1,56
2.20.165.146,1,56
2.20.163.103,1,56
2.20.165.238,1,56
2.22.55.110,1,56
2.22.55.7,1,56
2.20.161.242,1,56
2.20.163.150,1,56
2.22.55.103,1,56
2.20.160.61,1,56
2.22.55.21,1,56
2.23.13.105,1,56
2.20.164.102,1,56
2.20.165.208,1,56
2.20.164.132,1,56
2.20.161.9,1,56
2.20.161.141,1,56
2.20.164.214,1,56
2.20.161.244,1,56
2.20.165.94,1,56
2.20.160.139,1,56
2.20.162.67,1,56
2.20.164.77,1,56
2.20.162.94,1,56
2.20.160.45,1,56
2.23.13.253,1,56
2.20.163.44,1,56
2.20.167.185,1,56
2.20.161.189,1,56
2.23.13.4,1,56
2.22.55.78,1,56
2.23.13.65,1,56
2.20.164.239,1,56
2.20.165.69,1,56
2.22.55.77,1,56
2.20.163.9,1,56
2.20.164.147,1,56
2.20.166.134,1,56
2.22.225.74,1,56
2.20.162.90,1,56
2.20.167.165,1,56
2.20.166.10,1,56
2.20.167.146,1,56
2.20.160.52,1,56
2.20.163.49,1,56
2.20.163.213,1,56
2.20.165.22,1,56
2.20.166.48,1,56
2.20.163.215,1,56
2.20.165.123,1,56
2.22.225.80,1,56
2.20.161.96,1,56
2.20.167.149,1,56
2.22.55.50,1,56
2.20.165.194,1,56
2.20.162.36,1,56
2.20.164.162,1,56
2.20.161.245,1,56
2.20.161.224,1,56
2.20.162.93,1,56
2.23.13.57,1,56
2.20.166.151,1,56
2.20.166.164,1,56
2.20.162.8,1,56
2.20.165.27,1,56
2.20.164.216,1,56
2.22.225.71,1,56
2.20.165.63,1,56
2.20.164.241,1,56
2.20.160.129,1,56
2.20.166.234,1,56
2.22.225.116,1,56
2.20.160.246,1,56
2.20.160.219,1,56
2.20.163.239,1,56
2.20.166.100,1,56
2.20.161.161,1,56
2.20.167.10,1,56
2.20.163.212,1,56
2.22.225.8,1,56
2.20.165.229,1,56
2.20.161.190,1,56
2.23.13.69,1,56
2.20.165.141,1,56
2.20.164.175,1,56
2.20.167.184,1,56
2.20.160.235,1,56
2.20.162.10,1,56
2.20.162.23,1,56
2.20.161.105,1,56
2.20.163.76,1,56
2.23.13.86,1,56
2.20.165.93,1,56
2.20.161.10,1,56
2.20.161.57,1,56
2.20.163.17,1,56
2.20.165.13,1,56
2.20.162.239,1,56
2.20.165.149,1,56
2.20.165.198,1,56
2.22.55.88,1,56
2.20.161.100,1,56
2.20.162.105,1,56
2.20.163.194,1,56
2.20.164.105,1,56
2.20.161.67,1,56
2.22.55.98,1,56
2.20.163.69,1,56
2.20.164.78,1,56
2.22.225.115,1,56
2.20.162.48,1,56
2.20.163.87,1,56
2.20.163.77,1,56
2.22.55.56,1,56
2.20.167.123,1,56
2.23.13.26,1,56
2.22.55.81,1,56
2.22.55.253,1,56
2.20.161.146,1,56
2.22.225.46,1,56
2.20.163.141,1,56
2.20.161.42,1,56
2.22.55.62,1,56
2.20.167.147,1,56
2.20.166.192,1,56
2.22.225.52,1,56
2.20.161.31,1,56
2.20.162.169,1,56
2.20.166.51,1,56
